-----False Positives Indices-----
-----False Negatives Indices-----
60
159
415
686
1189
1422
1621
1965
2236
2495
2721
2955
3798
4109
4591
4847
5688
6391
6636
6836
7323
7614
7819
8303
8922
9116
9642
10008
10267
10771
11474
11800
12454
12690
13222
13550
14021
14349
14866
15014
15241
15692
15895
16151
16407
16813
17425
17553
18261
18924
19825
20050
20271
20584
21167
21744
22296
22597
23502
24191
24396
25623
25857
26138
26610
26803
27257
27443
28128
28915
29153
29939
30171
30577
30780
31022
31720
32257
32429
32628
33177
33362
34202
35019
35221
35622
35921
36684
37033
37340
40811
41260
41695
43242
43473
43934
45594
45770
47500
51685
51913
52666
52911
53620
54409
54658
55111
56246
57163
58447
59593
62314
62922
64689
66634
66808
67523
71816
73722
82417
84722
87543
90841
93239
96744
105486
110323
136226
138552
140913
154408
155188
158083
159364
160024
160693
161905
165235
166407
168513
171815
172064
172235
172633
172769
174321
181582
181732
183388
185068
188387
190075
190744
191455
192138
192789
193490
194173
194810
195503
196227
198452
199610
207663
208519
218912
223189
229369
230877
236273
237968
266038
266466
268326
271956
274232
279890
283885
292545
328999
352653
353743
357861
358311
361606
361983
362159
362657
365180
374067
375711
387112
388776
391637
392041
392172
393128
395181
395610
396037
396256
396465
397228
397302
397651
397821
398276
398477
405626
406381
410424
412129
412698
412853
413617
414228
415145
417433
417934
419396
420307
420493
422822
423628
424535
424654
425184
426006
427509
427642
429869
430324
432034
432858
433737
433928
437306
437516
437659
438033
438865
442309
443190
444035
445050
445526
447509
449222
450924
451119
451254
451605
452194
454413
455047
455966
458666
462069
462156
464575
465497
466112
467152
470853
471660
473365
474195
482976
484620
487118
487965
489656
492708
495133
496859
498584
499410
501149
507555
508376
509229
510061
510914
511766
518854
520534
522564
523354
523554
524641
524774
527310
527903
529258
529460
530053
531611
532105
532320
532855
532956
535314
535879
536473
538025
538146
538728
539386
540903
541445
542230
543144
543793
546098
546687
548032
548230
548354
548741
548833
549690
551796
551907
557941
558269
559322
559628
559989
560709
560815
562311
562460
563573
564081
564913
566349
567803
568486
569829
569921
570586
571186
571684
572543
573143
574742
575137
575525
575699
576541
576694
578082
578964
580545
580711
581813
581965
582249
583736
583915
586295
586576
587827
588036
589008
589814
590522
591425
592367
593947
594162
595853
597581
598456
599282
600116
600371
600872
601127
602182
602766
603911
606428
606634
607020
607198
607417
608070
608865
609089
609339
610811
613390
615257
615979
617662
617951
618575
620226
621242
621401
622849
626424
627197
628312
630031
632076
633008
633736
634669
634922
635493
637281
639138
641542
641821
643411
646257
646690
647321
648594
649181
